news,label
"글로벌 암호화폐 리서치 업체 포필러스가 최근 '아시아 스테이블코인의 활성화를 위해서는 상호운용성이 필수적이다' 보고서를 통해 “아시아 국가들은 이제 스테이블코인의 성장은 피할 수 없는 흐름이며 그 이점이 분명하다는 것을 인식하고 있다. 스테이블코인은 온체인에서 사용되어야 하며, 이더리움, 솔라나 등 여러 블록체인 생태계에 어떻게 활용되게 할 것인지에 대한 전략이 필요하다. 그러기에 상호 운용성은 선택이 아닌 필수다”라고 전했다.",0
"13일(현지시간) 암호화폐 전문매체 코인게이프에 따르면, 이더리움(Ethereum, ETH)이 주요 저항 추세선을 돌파한 이후 강세 흐름을 이어가고 있으며, 4,800달러 상승 가능성이 제기되고 있다. 분석가들은 이 추세가 유지된다면, 더 장기적으로는 8,000달러까지의 상승 여력도 있다고 진단했다.코인게이프는 암호화폐 분석가 자본 마크스(Javon Marks)의 분석을 인용해, ETH가 과거 하락 추세선을 완전히 이탈한 상태에서 거래되고 있으며, 이전과 유사한 패턴이 반복된다면 4,811.71달러까지의 상승이 유효하다고 전했다. 마크스는 일정 시점을 제시하진 않았지만, 이 목표치는 스탠다드차타드(Standard Chartered)가 제시한 2025년 말 예측치인 4,000달러와도 일치한다고 분석했다.코인게이프는 다만 ETH 가격 차트가 여전히 하락 추세의 특징인 '저점 경신-고점 하락'을 반복하고 있어, 저항선을 완전히 상방 돌파하기 위한 과정은 쉽지 않다고 설명했다. ETH는 최근 비트코인 대비 5년 내 최저 수준으로 떨어졌으며, 1분기 실적 역시 지난 5년 중 가장 부진했다. 한때 1,400달러까지 급락하며 투자자 심리가 크게 위축된 바 있다.코인게이프는 이어, 마크스가 ETH가 4,800달러까지 도달한 후 추가로 상승세를 확장할 경우, 약 200% 이상의 상승률로 8,557.68달러에 도달할 수 있다는 장기 시나리오도 제시했다고 전했다. 이는 2020년 패턴과 유사한 구조이며, 돌파 이후 장기 상승장이 가능하다는 주장이다.이와 함께, 이더리움 커뮤니티 내에서는 가격 회복을 위한 네트워크 전략도 논의되고 있다. 뱅클리스(Bankless)의 공동 창업자 데이비드 호프만(David Hoffman)은 사용자 유입 확대와 검열 중단을 핵심으로 하는 개선책을 제안했다.코인게이프는 마지막으로, 일부 투자자들 사이에서는 이더리움이 과거 노키아의 몰락과 유사한 궤도를 걷고 있으며, 솔라나(Solana)의 상승이 ETH의 결정타가 될 수 있다는 우려도 함께 제기되고 있다고 전했다.",0
"13일(현지시간) 투자 전문매체 더모틀리풀에 따르면, 올해 이더리움(ETH) 가격이 50% 이상 급락하며 투자 심리가 크게 위축됐지만, 네트워크의 가치를 판단하는 데 있어 핵심 지표로 떠오른 TVL(Total Value Locked, 총 예치 자산) 비율이 오히려 개선되고 있는 것으로 나타났다.더모틀리풀은 이더리움의 가치를 단순한 투기 자산이 아닌 탈중앙 컴퓨팅 플랫폼으로서의 활용도에 주목해야 한다고 분석했다. 이를 측정하는 지표가 바로 TVL로, 이는 이더리움 네트워크에 구축된 애플리케이션들이 실제 자본을 얼마나 끌어들이고 있는지를 보여준다.현재 이더리움의 시가총액은 1,930억 달러, TVL은 450억 달러 수준이다. 이는 시총 대비 TVL 비율이 약 25%에 이르는 수치다. 2021년 이더리움이 5,600억 달러의 시총과 1,070억 달러의 TVL을 기록했을 당시 비율은 약 20%로, 현재의 수치가 더 높다. 이는 네트워크 내 실제 사용성과 자본 유입이 이전보다 더 건전하게 성장하고 있다는 해석이 가능하다.더모틀리풀은 이더리움의 TVL이 2020년 6억 달러에서 시작해 오늘날까지 꾸준히 성장해왔으며, 특히 디파이(DeFi, 탈중앙 금융) 분야를 중심으로 생태계가 성숙해지고 있다고 설명했다. 가격은 하락했지만, 핵심 지표의 상승은 이더리움의 구조적 성장을 반영한다는 것이다.현재 ETH는 1,602.47달러에 거래되고 있으며, 이는 2024년 고점 4,089달러 대비 큰 폭으로 하락한 수치다. 하지만 더모틀리풀은 ""TVL 대비 시가총액 비율 상승은 네트워크의 성숙도를 나타내며, 장기적 가치는 오히려 강화되고 있다""고 분석했다.",0
"13일(현지시간) 암호화폐 전문매체 유투데이에 따르면, 이더리움(Ethereum) 공동 창시자 비탈릭 부테린(Vitalik Buterin)은 솔라나(Solana) 기반 밈코인 제작 플랫폼 펌프닷펀(Pump.fun)을 FTX, 테라/루나 사태와 함께 “잘못된 암호화폐 앱”으로 규정하며 강하게 비판했다.부테린은 지난 해부터 밈코인에 대한 회의적인 시각을 공개적으로 밝혀 왔으며, 이번에도 디파이(DeFi) 생태계가 “윤리적 성장”을 중시해야 한다고 강조했다. 그는 “더 높은 수준의 즐거운 프로젝트가 생태계에 긍정적 영향을 주길 바란다”고 덧붙였다.Pump.fun은 최근 넷플릭스의 블랙미러 시즌7 첫 에피소드 'Common People'에 오마주로 등장했다. 극 중 주인공은 아내의 생명을 유지하기 위한 구독료를 벌기 위해 ‘Dum Dummies’라는 웹사이트에서 굴욕적인 행동을 돈 받고 수행하는 설정으로, Pump.fun의 실시간 스트리밍 방식과 유사한 점이 지적됐다.이 플랫폼은 밈코인 홍보를 위해 극단적이고 위험한 행동을 촬영해 유포한 제작자들로 인해 비판을 받았으며, 스트리밍 기능은 한때 중단됐다가 최근 제한적으로 재도입된 바 있다.부테린은 Warpcast를 통해 “어플리케이션에는 좋은 사회철학이 반드시 필요하다”고 강조하며, 이더리움이 지향해야 할 방향성과 구축되어야 할 앱의 철학적 기반을 강조했다. 그는 “우리가 어떤 앱을 만드는가는 이더리움이 세상에서 어떤 역할을 해야 하는지에 대한 생각에서 출발해야 한다”고 덧붙였다.이번 발언은 이더리움이 단순 수익 창출 도구가 아닌, 사회적 책임을 동반한 탈중앙 생태계를 지향해야 한다는 철학을 다시금 상기시키는 계기가 됐다.",-1
"1. 지금 같은 하락에 절대 하면 안되는 행동조회수 23,723 좋아요 32 싫어요 11 댓글 742. 리플 가격, SEC 비공개회의 결과가 결정조회수 21,748 좋아요 26 싫어요 7 댓글 353. 다 던졌다조회수 15,813 좋아요 53 싫어요 9 댓글 1134. 이더리움 2억5천 매수조회수 8,665 좋아요 53 싫어요 9 댓글 2445. 트럼프 제롬파월 의장 해임조회수 7,094 좋아요 58 싫어요 5 댓글 986. 워뇨띠 그는 누군인가?조회수 6,177 좋아요 28 싫어요 3 댓글 437. 죽겠어요 계속 버텨요?조회수 5,903 좋아요 7 싫어요 15 댓글 658. 내 나이 29 인생 잘살고 있나조회수 3,853 좋아요 24 싫어요 11 댓글 37",-1
"4월 13일(현지시간) 암호화폐 전문매체 코인게이프에 따르면, 비트코인(BTC)을 비롯한 주요 암호화폐가 최근 도널드 트럼프 전 대통령의 관세 정책 여파로 인한 급락세를 일부 회복한 것으로 나타났다. BTC는 주간 최저치인 74,000달러에서 반등해 84,000달러선을 회복했으며, 이더리움(ETH), 솔라나(SOL), 엑스알피(XRP) 등도 2~7%가량 상승하며 시장에 희망을 불어넣고 있다.코인게이프는 이러한 반등세의 주요 배경으로 미국 소비자물가지수(CPI)의 둔화와 트럼프의 ‘중국산 기술제품 관세 면제’ 발언을 지목했다. 미국 CPI는 3월 기준 2.4%로 월가 예상을 하회했으며, 이에 따라 연준의 긴축 속도 조절 기대감이 암호화폐 시장의 반등을 이끌었다.하지만 회복세 속에서도 위험 신호는 여전하다. 블랙록(BlackRock) CEO 래리 핑크는 미국이 곧 경기침체에 직면할 것이라고 경고했고, 이 경우 연준의 유동성 공급 확대가 비트코인과 같은 위험자산에 긍정적일 수 있다는 전망도 제기됐다.또한 코인게이프는 주요 고래(whale) 움직임이 눈에 띄게 증가했다고 보도했다. 리플 고래들은 4월 둘째 주 동안 4억 1,400만 달러 규모의 XRP를 이동시켰고, 도지코인(DOGE) 고래들도 같은 기간 동안 18억 3,000만 DOGE를 매집한 것으로 나타났다. 특히 21셰어즈(21Shares)의 도지코인 ETF 신청 소식과 맞물려 도지코인 시장에 대한 기대가 높아지고 있다.이외에도 일본 정부는 새로운 암호화폐 규제를 도입하며 시장 친화적인 태도를 이어가고 있다. 이러한 일련의 글로벌 정책 변화와 고래 움직임은 향후 시장 방향성에 중요한 변수로 작용할 전망이다.",0
"미국 ABC 방송 ‘샤크탱크(Shark Tank)’의 스타 투자자 케빈 오리어리가 직접 수이(SUI)를 ‘가장 뜨거운 암호화폐’로 지목하며 시장의 주목을 끌고 있다.4월 13일(현지시간) 암호화폐 전문매체 크립토포테이토에 따르면, 오리어리는 팟캐스트에서 “지금 가장 핫한 티켓은 SUI다. 속도와 유스케이스가 훌륭하다”며, 미스텐랩스(Mysten Labs)가 주도하는 이 프로젝트에 대한 강한 신뢰를 보냈다.기술적 측면에서 SUI는 2024년 1월 최고가 대비 60% 이상 하락했으나, 4월 현재 2.38달러 선에서 거래되며 바닥 패턴을 형성하고 있다는 분석이 나온다. 유명 분석가 크립토불렛(CryptoBullet)은 “SUI가 니어 프로토콜(NEAR)과 유사한 강세 전환 구조를 보이고 있다”며 “연내 두 자릿수 달성 가능성이 있다”고 밝혔다.수이를 개발한 미스텐랩스는 전 메타(Facebook) 출신 엔지니어들이 주축이다. 창립자 에반 청(Evan Cheng)을 포함해 CTO, CPO, 수석 과학자 모두 메타 출신으로 구성되었으며, 이 점은 오리어리의 신뢰 배경이기도 하다.성능 면에서는 SUI가 이더리움보다 최대 3,700% 빠른 속도를 기록했다. 코인게코(CoinGecko) 자료에 따르면 SUI는 초당 854.05건의 거래 속도를 기록하며, 이는 이더리움의 22.70건 대비 압도적이다. 솔라나(Solana)에 이어 업계 2위의 속도다.또한 SUI는 게임 분야에서도 주목받고 있다. 오리어리는 “게이밍은 속도가 관건이며, Sui는 이를 해결할 수 있는 유일한 플랫폼”이라고 언급했다. 미스텐랩스는 수이 기반 핸드헬드 게임 콘솔 ‘SuiPlay0X1’을 출시하고 게임 중심 생태계 확장에 주력하고 있다.앞서 4월 8일에는 미국의 웹3 헤지펀드 캐너리 캐피털(Canary Capital)이 미국 증권거래위원회(SEC)에 SUI 기반 ETF를 신청했다. 이는 기관 투자자 접근성을 높이고, 추후 SUI 가격 상승의 강력한 촉매로 작용할 수 있다.",1
"아발란체(Avalanche, AVAX)가 단순한 확장성 블록체인을 넘어, 전통 금융 시스템을 근본적으로 바꿀 수 있는 핵심 인프라로 주목받고 있다.4월 13일(현지시간) 암호화폐 전문매체 코인게이프에 따르면, 비즈니스 개발 전문가 올리비아 반데 우데(Olivia Vande Woude)는 “아발란체는 금융 인프라에 광케이블 수준의 혁신을 가져올 것”이라며, 레거시 금융 시스템의 RTGS(실시간 총액결제)와 사후처리(Post-Trade) 인프라를 혁신할 잠재력을 강조했다.우데는 아발란체가 SWIFT나 Fedwire 같은 기존 결제 시스템을 대체하기보다는 통합 및 업그레이드 방식으로 접근할 것이며, 특히 지연이 잦고 조각화된 결제·정산 체계에 실시간 유동성과 결제 확정성을 도입해 기관 거래 효율을 극대화할 수 있다고 설명했다. 또한 CBOE 및 ICE와 같은 대형 거래소의 실행 지연(latency) 문제도 아발란체의 탈중앙 인프라로 해결 가능하다고 덧붙였다.파생상품 시장에선 스마트컨트랙트를 활용한 담보 최적화(collateral optimization) 및 마진 관리 기능을 통해 기존 수동적 청산 절차를 대체할 수 있으며, 전통 커스터디 기관의 일괄처리 시스템(batch processing) 또한 아발란체 기반 자동화 시스템으로 재설계될 수 있다고 밝혔다.또한, 아발란체는 이더리움 가상 머신(EVM)과 호환되므로, 기존 이더리움 기반 기관 투자자들이 스마트 계약을 그대로 이식할 수 있어 진입 장벽이 낮다. 미국 증권거래위원회(SEC)가 이더리움 ETF 옵션 거래를 승인한 가운데, 아발란체는 온체인 파생상품 및 준법감시를 위한 퍼미션 체인 구조도 제공 가능하다는 평가다.우데는 “아발란체는 단순한 금융 혁신을 넘어, 금융 시스템 자체를 재프로그래밍하고 있다”고 강조했으며, 이를 도입하는 기관은 속도, 효율, 투명성 측면에서 실질적 우위를 확보할 것이라고 덧붙였다.한편, AVAX는 전날 대비 약 8% 상승해 20.26달러에 거래되고 있으며, 최근 기관 채택 확대와 함께 일일 거래량도 7% 증가한 것으로 나타났다. 시장의 상승세와 맞물려 아발란체 네트워크에 대한 기대감도 지속적으로 고조되고 있다.",1
"이더리움(Ethereum, ETH)의 부진한 가격 흐름이 지속되는 가운데, 뱅크리스(Bankless) 공동창업자 데이비드 호프만(David Hoffman)이 가격 회복을 위한 전략을 제안했다.암호화폐 전문매체 코인게이프(CoinGape)에 따르면, 호프만은 12일(현지시간) X(구 트위터)를 통해 “이더리움의 진정한 문제는 기술이 아니라 배타적인 커뮤니티 문화”라며, 사용자와 빌더 유치를 가로막는 리더십을 정면 비판했다. 특히 리도파이낸스(Lido Finance)를 둘러싼 공개적 비판과 디젠(degen) 트레이더들에 대한 공격이 커뮤니티 내부 배제를 심화시켰다고 지적했다.이더리움은 지난주 1,415달러까지 하락한 뒤 현재 1,600달러 선을 지키고 있는 상황이다. 호프만은 “탈중앙화 네트워크에서 특정 행동을 검열하려는 시도가 투자 심리를 위축시켰다”며, 이더리움 재도약을 위해 이더리움 재단(Ethereum Foundation)과 커뮤니티가 사용자 친화적 전략으로 전환해야 한다고 주장했다.이러한 주장과 맞물려 ETH는 최근 24시간 기준 5% 이상 상승하며 단기 반등 흐름을 보이고 있다. 하지만 여전히 비트코인 대비 5년 최저 수준이며, 구조적 회복을 위해서는 보다 근본적인 방향 전환이 필요하다는 평가다.한편, 커뮤니티 내에서는 이더리움을 글로벌 금융 인프라의 기반으로 삼으려는 긍정적 전망도 존재한다. 레오 글리식(Leo Glisic)은 “이더리움은 미래 금융 시스템의 결제 및 상호운용성 계층이 될 것”이라며 장기 성장 가능성을 언급했다.반면, 비평가들은 이더리움이 이미 노키아(Nokia)처럼 낡은 인프라가 되었으며, 솔라나(Solana) 가 그 자리를 대체할 것이라고 지적한다. 대표적 비관론자인 피터 시프(Peter Schiff)는 ETH가 1,000달러 이하로 하락할 가능성도 경고했다.",0
"테우크리움(Teucrium)의 2배 레버리지 XRP ETF가 상장 이후 5일 연속 자금 유입과 거래량 상승을 기록하며, 월가 투자자들의 주목을 받고 있다.암호화폐 전문매체 AMB크립토에 따르면, 테우크리움이 출시한 2x Long Daily XRP ETF(티커명: XXRP) 는 11일(현지시간)까지 5일 연속 순유입을 기록했다. ETF 거래량은 출시일 550만 달러에서 1,100만 달러 이상까지 급증했고, ETF 가격은 23.37달러 → 29.21달러까지 상승했다.블룸버그 ETF 애널리스트 에릭 발추나스(Eric Balchunas)는 “XRP ETF는 시장의 주목을 받는 신흥 상품”이라며 이 흐름이 단기 트렌드가 아닐 수 있음을 시사했다. 반면 비트코인(BTC)과 이더리움(ETH)의 현물 ETF에서는 각각 100만 달러, 2,920만 달러 규모의 자금이 유출됐다.이러한 흐름은 XRP 가격 반등과도 맞물린다. XRP는 13일 현재 2.15달러에서 거래 중이며, 24시간 기준 7% 이상 상승했다. 스탠다드차타드(Standard Chartered)는 “XRP가 2025년 말까지 5.50달러에 도달할 수 있다”고 전망했으며, 이는 현재 대비 200% 이상 상승 여력이다.시장에서는 이 ETF의 성공이 XRP 현물 ETF 승인 가능성에 대한 기대감으로 이어지고 있다. 실제 예측시장인 폴리마켓(Polymarket)에서는 2025년 내 XRP 현물 ETF 승인 확률을 79%로 보고 있다. 이는 XRP의 중장기적 랠리 기반이 점차 탄탄해지고 있음을 의미한다.XRP는 오랫동안 규제 리스크에 노출돼 있었지만, ETF 상장과 거래량 증가, 기술적 반등 흐름이 겹치며 다시금 강세 자산으로 주목받고 있다.",1
"이더리움(Ethereum, ETH)이 장기 지표 하단을 다시 하회하면서, 과거 강세장의 전조와 유사한 패턴을 보여주고 있다는 분석이 제기됐다.ETH는 13일(현지시간) 1,600달러를 회복했다. 하지만 일주일 기준 9.5% 하락 중이다. 도널드 트럼프 전 대통령의 관세 발표 이후 급락한 ETH는 관세 유예 발표 이후에도 의미 있는 반등을 보이지 못하고 있는 모습이다.암호화폐 전문매체 비트코이니스트는 온체인 분석가 크립톨리카(Cryptollica)의 분석을 인용해, ETH의 메이어(Mayer) 멀티플 지표가 0.8 이하로 하락했다고 전했다. 이 지표는 현재 가격과 200일 이동평균선(MA) 간의 비율로, 0.8 이하일 경우 과매도 구간으로 해석되며, 가격 바닥 형성 가능성을 시사한다.실제로 이더리움 메이어 멀티플이 마지막으로 0.8 아래로 떨어졌던 시점은 2022년이며, 당시 ETH는 이후 4,000달러 이상까지 반등한 바 있다. 분석가들은 이 지표가 장기 사이클 전환점에서 신뢰도가 높은 도구로 활용된다고 설명한다.비트코이니스트는 ETH가 지금 가격대에서 반등에 성공할 경우, 과거와 같이 150% 이상 상승해 4,000달러에 재도달할 수 있다고 전망했다. 다만 이를 위해선 기술적 반등과 함께 시장 전반의 회복세가 수반되어야 한다고 덧붙였다.",0
"암호화폐 시장이 조정 구간에 진입한 가운데, 바이낸스 CEO 리차드 텅(Richard Teng)이 성공에 대한 핵심 철학을 공개하며 투자자들에게 장기적 시야를 강조했다.4월 12일(현지시간) 암호화폐 전문매체 코인게이프에 따르면, 텅은 X(구 트위터)를 통해 ‘성공 뒤에 가려진 5가지 요소’로 리스크 감수, 인내, 노력, 절제, 지속성을 제시했다. 그는 “모든 성공에는 눈에 보이지 않는 희생과 태도가 있다”며 현재 시장의 불확실성 속에서도 꾸준한 개발과 책임 있는 운영이 중요하다고 강조했다.코인게이프는 바이낸스가 최근 ONDO, VIRTUAL, BIGTIME 등 신생 토큰을 상장하며, 실제로 리스크를 감수하는 전략을 실행하고 있다고 설명했다. 이러한 신규 상장은 커뮤니티 기반 투표에 따른 것으로, 플랫폼은 투명성과 이용자 중심 개발 기조를 유지하고 있다.시장 전반에서는 비트코인(BTC)이 85,345달러까지 회복하며 일간 2.43% 상승했고, 이는 최근 저점이었던 74,436.67달러에서 급반등한 결과다. BTC는 84,000달러에서 지지선을 형성하며 전반적인 암호화폐 시장 반등을 이끌고 있다.이날 알트코인들도 동반 상승세를 보였다. 이더리움(Ethereum, ETH)은 5.47%, 솔라나(Solana, SOL)는 9.12%, 리플(XRP)은 6.65% 상승하며 시장 전반이 통합 흐름 속에서 반등세를 이어가고 있다.코인게이프는 텅의 메시지가 단기 가격 등락보다 비트코인의 비주권적 가치 저장 수단(non-sovereign store of value)으로서의 특성을 강조하며, 미중 무역 갈등 속에서도 BTC가 정책 리스크를 회피할 수 있다는 점을 부각했다고 정리했다.",1
"이더리움(ETH) 가격이 다시 2021년 수준인 1,600달러대로 후퇴하며, 개발자 이탈과 디파이 침체 등 근본적 변화가 부각되고 있다.4월 12일(현지시간) 암호화폐 전문매체 유투데이에 따르면, 이더리움(Ethereum, ETH)의 가격은 최근 1,600달러까지 하락하며 2021년 1분기 이후 처음으로 같은 가격대에 도달했다. 이는 BTC 기준 가격으로도 0.019 BTC 이하로 떨어진 상태로, 상대적 가치 또한 감소했다.유투데이는 네트워크 활동 지표 중 유일하게 긍정적인 요소로 스테이블코인 공급량 증가를 꼽았다. 2021년 당시 220억 달러 수준이었던 ETH 기반 스테이블코인 공급량은 2025년 현재 5.6배 증가해 1,230억 달러에 이른다. 반면, 디파이 총예치금(TVL)은 2021년 850억 달러에서 현재 890억 달러로 거의 정체된 수준이다.거래량 측면에서도 유투데이는 탈중앙화 거래소(DEX) 거래량이 2021년 4월 57억 달러에서 2025년 7.6억 달러로 소폭 증가했으나, 2024년 1월 기록한 500억 달러에는 크게 못 미친다고 분석했다. 당시 BTC 가격은 5~6만 달러였으나 현재는 85,500달러 부근에서 등락 중이다.가장 우려되는 지표는 개발자 활동이다. 유투데이는 암호화폐 분석가 마일스 도이처(Miles Deutscher)의 분석을 인용해, 현재 개발자 활동이 2018년 ‘크립토 겨울’ 이후 최저 수준까지 하락했다고 전했다. 그는 인공지능(AI) 분야로의 인재 유출, 벤처 자금 축소, 블록체인 기술에 대한 실망감이 복합 작용했다고 설명했다.다만 유투데이는 AI·블록체인 융합 프로젝트, 실물자산(RWA) 및 스테이블코인 관련 개발은 여전히 우수한 개발자들의 관심을 받고 있다고 덧붙였다. ETH는 현재 기술적 반등 신호 없이 약세 흐름을 지속 중이며, 시장 회복 여부는 외부 수요 요인에 달려 있다는 전망이다.",-1
"12일(현지시간) 투자 전문매체 더모틀리풀에 따르면, 트럼프 대통령의 두 가지 핵심 정책이 향후 비트코인(Bitcoin, BTC) 상승장을 촉발할 수 있는 계기로 주목받고 있다. 비트코인은 현재 83,541달러 수준으로, 취임일 이후 19% 이상 하락했지만, 장기적으로는 반등 기반이 마련되고 있다는 분석이다.첫 번째 정책은 전략적 암호화폐 비축(Strategic Cryptocurrency Reserve) 이다. 트럼프 대통령은 3월 3일, 미국이 비트코인, 이더리움, 리플(XRP), 솔라나, 카르다노를 포함하는 디지털 자산 비축 시스템을 구축한다고 발표했다. 해당 비축은 범죄 또는 민사 절차에서 몰수한 자산에 한해 보유하며, 별도 매입은 하지 않는다. 비록 직접적인 매수는 아니지만, 이는 미국 정부가 암호화폐를 실질적인 가치저장 수단으로 공식 인정한 것이라는 해석이 가능하다.더모틀리풀은 이 정책이 기관투자자들에게 ‘제도권 자산’으로서의 비트코인에 대한 신뢰를 높이는 계기가 될 수 있으며, 향후 수요 확대의 직접적 기반이 될 것이라고 분석했다. 기관 자금 유입이 BTC 가격에 미치는 영향력은 막대하며, 이는 곧 수급 구조 변화로 이어질 수 있다.두 번째 정책은 역대 최고 수준의 관세 부과다. 트럼프는 4월 2일 대대적인 수입관세 조치를 발표했으며, 이후 미국달러지수(Dollar Index)는 약 1.8%, 올해 누적으로는 5.5% 하락했다. 이는 글로벌 투자자들이 미국의 투자 매력도 하락을 인식하고 자금을 회수하면서 달러 약세가 촉진된 결과다.더모틀리풀은 달러 약세는 비트코인 강세로 이어질 수 있는 고전적인 매크로 조건이라고 지적했다. 달러 신뢰가 흔들릴수록 대체 자산으로서의 BTC 수요는 늘어나며, 특히 미국 정부가 암호화폐를 보유 자산으로 채택하고 있다는 점은 이러한 내러티브를 강화하는 요소다.결론적으로 더모틀리풀은 트럼프의 정책이 단기적 시장 충격을 불러왔지만, 장기적으로는 비트코인을 중심으로 한 암호화폐 시장의 제도권 안착과 수요 증대라는 강력한 상승 기반을 마련하고 있다고 평가했다.",1
"12일(현지시간) 암호화폐 전문매체 유투데이에 따르면, 프랙스(Frax) 및 에버아이피디아(Everipedia) 창립자인 샘 카제미안(Sam Kazemian)은 이더리움(Ethereum, ETH)의 유틸리티가 실제 가격 상승과 연결되지 않고 있다고 지적하며, 이는 EIP-1559 업그레이드 이후 기술주 가치 평가 모델로 전환한 것이 원인이라 분석했다.카제미안은 ""ETH는 본래 비트코인(BTC)처럼 디지털 금·은·석유로 설계됐지만, 현재는 주식처럼 수익 모델(P/E DCF)에 기반한 평가 방식으로 전락했다""고 비판했다. 그는 만약 EIP-1559와 유사한 수수료 소각 모델이 비트코인에 도입됐더라면, BTC의 ‘디지털 금’ 내러티브 역시 훼손됐을 것이라 덧붙였다.한편, ETH의 BTC 대비 하락세는 더욱 심화되고 있다. 12일 ETH/BTC 비율은 0.18666까지 떨어졌으며, 이는 2020년 이후 최저치로 기록됐다. 현재 1 BTC는 53.5 ETH에 해당한다.코인뷰로(Coin Bureau) 설립자 닉 퍼크린(Nic Puckrin) 또한 ETH의 부진을 지적하며, 대부분의 보유자가 현재 평가손실 상태에 놓여 있고, 스마트 계약 분야에서 경쟁 L1 프로젝트들이 점유율을 잠식하고 있다고 설명했다.또한, 최근 미국 내 ETF 자금 흐름에서도 기관 자금은 ETH보다 BTC에 집중되고 있으며, 전 세계적으로 유동성 공급이 확대되어도 ETH에 유입될 가능성은 낮다는 회의론도 제기됐다.요약하면, ETH는 기술적으로는 여전히 강력한 플랫폼이지만, 시장은 이를 가격 상승으로 반영하지 않고 있으며, 오히려 서사와 수요가 약화된 상태로 해석된다.",-1
"12일(현지시간) 암호화폐 전문매체 코인게이프에 따르면, 미국 증권거래위원회(SEC)가 솔라나(Solana, SOL) 기반 프로토콜 헬륨(Helium, HNT)에 대한 소송을 전격 취하하면서, 솔라나 가격이 급등세를 보이고 있다. 현재 SOL은 24시간 기준 6% 이상 상승한 125.89달러에 거래 중이다.SEC는 지난 1월, 헬륨 개발사 노바랩스(Nova Labs)가 HNT 토큰을 미등록 증권으로 발행했다며 소송을 제기했지만, 이 소송은 친(親)암호화폐 성향의 새 SEC 체제에서 ‘향후 동일한 혐의로 소송을 제기할 수 없는 조건’으로 철회됐다. 헬륨 창립자는 이번 결정이 전체 생태계에 중대한 승리라고 강조했다.코인게이프는 이번 소송 철회로 인해 솔라나의 기술적 모멘텀도 강화됐다고 전했다. 대표 트레이더인 Ansem은 “SOL이 주간 차트에서 120달러를 확실히 상향 돌파할 경우, 180달러까지 45% 랠리가 가능하다”고 분석했다. 해당 지점은 수년간의 지지·저항 구간으로, 돌파 시 중장기 상승 추세로의 전환을 시사한다고 밝혔다.또 다른 애널리스트인 CryptoCurb도 비슷한 전망을 내놨다. 그는 “현재 투자자들이 솔라나의 가치를 심각하게 저평가하고 있다”며, 기술적 지표뿐 아니라 실사용 확장성과 SEC의 우호적 규제 환경 등이 상승 요인으로 작용하고 있다고 설명했다.한편, 일부 전문가들은 향후 솔라나가 이더리움(Ethereum)의 시가총액 절반 수준까지 도달할 수 있으며, 이번 SEC 철회가 이를 향한 촉매 역할을 할 수 있다고 분석했다. SOL은 최근 주요 지지선 방어에 성공하며, 180달러 돌파 후 사상 최고가 재도전 가능성도 열려 있다는 평가다.",1
"12일(현지시간) 암호화폐 전문매체 코인게이프에 따르면, 글로벌 투자은행 스탠다드차타드는 XRP(엑스알피) 가격이 2025년 말까지 5.50달러에 도달할 수 있다고 전망했다. 이는 현재 가격 대비 약 200% 상승 여력으로, 시가총액 기준 최대 알트코인이 될 수 있다는 분석이다.코인게이프는 첫 번째 근거로 미국 최초의 2배 레버리지 XRP ETF가 5일 연속 순유입을 기록하며 1,720만 달러의 순자산을 확보했다고 전했다. 반면, 같은 기간 비트코인과 이더리움 ETF는 자금이 빠져나가며 XRP에 대한 기관 관심이 부각되고 있다.두 번째 요인은 리플(Ripple) CEO 브래드 갈링하우스(Brad Garlinghouse)의 발언이다. 그는 SEC와의 합의금을 미국 정부에 XRP 형태로 제공할 가능성을 언급하며, 미 정부가 최대 5,000만 달러 상당의 XRP를 보유하게 될 수 있다고 밝혔다. 이는 XRP가 정부 차원의 디지털 자산 보유 목록에 포함되는 첫 사례가 될 수 있다는 점에서 의미가 크다.세 번째는 규제 명확성이다. SEC 소송 종료로 XRP는 제도권 내 신뢰를 회복했으며, 이는 기관 투자자와 개인의 신규 유입을 유도하는 핵심 요소로 작용하고 있다. XRP는 소송 이후 본격적인 채택 국면에 진입하며 상승 여력을 확보했다.기술적 분석 측면에서 XRP는 현재 2.06달러에서 거래 중이며, 78.6% 피보나치 저항선인 2.10달러 돌파를 시도 중이다. RSI는 57로 상승 흐름을 보이며, MACD도 양전환되어 강한 매수세가 유지되고 있다. 2.23달러 회복 여부가 단기 상방 추세를 결정할 관건이다.코인게이프는 ETF 수요, 정부 보유 가능성, 규제 해소 등 세 가지 요인이 결합되어 XRP의 5.50달러 돌파 시나리오가 현실화될 수 있다고 분석했다. 스탠다드차타드의 목표치는 단순 낙관이 아닌 복합적 상승 요인에 근거한 전망이라는 점에서 주목할 만하다.",1
"암호화폐 전문매체 뉴스BTC에 따르면, 비트코인 맥시멀리스트이자 JAN3 CEO인 샘슨 모우(Samson Mow)는 최근 이더리움(ETH)의 시장 가치를 강하게 비판하며 “이더리움은 여전히 과대평가된 자산”이라고 주장했다. 그는 비트코인(BTC)이 2022년 이후 약 270% 상승한 반면, 이더리움은 제자리걸음에 머물렀다는 점을 근거로 들었다.12일(현지시간) 현재 비트코인(BTC)이 약 83,265달러, 이더리움은 1,568달러에 거래되고 있다. 2022년 8월 당시 BTC가 21,500달러, ETH가 1,600달러였던 것과 비교하면, ETH는 3년간 거의 상승하지 않은 셈이다. 이에 모우는 ETH의 가격이 펀더멘털과 무관하며, 공급량 구조가 문제라고 지적했다.뉴스BTC는 모우가 이더리움의 사전 채굴량(premined) 문제를 거론했다고 짚었다. 그는 전체 1억 2,200만 개 ETH 중 약 60%에 해당하는 7,200만 개가 초기 사전 발행됐다고 주장하며, 이는 “공중에서 찍어낸 것과 다름없다”고 비판했다. 같은 2,100만 개 공급량 기준으로 환산하면 ETH의 단가가 9,300달러에 해당한다고 지적하며, 이는 현실과 괴리가 크다고 꼬집었다.뉴스BTC는 최근 글로벌 무역전쟁과 같은 거시 경제 변수에도 ETH가 민감하게 반응하고 있다고 전했다. 이더리움은 4월 초 1,380달러까지 하락했다가 도널드 트럼프 전 대통령이 일부 국가 대상 관세를 3개월 유예하겠다고 발표한 뒤 1,680달러까지 반등한 바 있다. 하지만 이번 주에는 다시 하락해 1,568달러 선에서 거래되고 있다.뉴스BTC는 이처럼 비트코인과 이더리움 간의 투자 철학 차이가 뚜렷해지고 있다고 분석했다. 비트코인 지지자들은 희소성과 디지털 금으로서의 역할을 강조하는 반면, 이더리움 지지자들은 스마트 계약과 디앱 생태계 확장성을 중시한다. 그러나 가격 차이가 확대될수록 가치 적정성 논쟁은 더욱 거세질 것으로 보인다.한편 모우는 비트코인이 올해 100만 달러에 도달할 것으로 예상하며, 투자자들에게 “모든 것을 팔고 비트코인에만 집중하라”고 조언한 바 있다. 그는 이미 2022년부터 ETH의 가치를 지속적으로 비판해온 인물이다.",-1
"파사이드 인베스터에 따르면 11일(현지시간) 미국 이더리움(ETH) 현물 ETF에서 총 2920만 달러(약 416억원)가 순유출됐다. 4거래일 연속 순유출이다. 비트와이즈 ETHW에서 310만 달러, 그레이스케일 ETHE에서 2610만 달러가 순유출됐다. 나머지 ETF에서는 유출입이 발생하지 않았다.",-1
"미국 성인 약 21%가 암호화폐를 보유하고 있으며, 이 중 76%는 암호화폐가 개인 생활에 긍정적인 영향을 미쳤다고 응답했다. 이는 전미암호화폐협회(National Cryptocurrency Association)가 해리스 폴(Harris Poll)에 의뢰해 실시한 '2025 암호화폐 보유자 현황 보고서'의 결과다.12일(현지시간) 암호화폐 전문매체 크립토슬레이트에 따르면, 이번 조사는 미국 성인 53,805명을 대상으로 진행됐으며, 그 중 10,000명의 암호화폐 보유자를 대표 샘플로 삼아 분석했다. 응답자의 67%는 45세 미만이었고, 여성 보유자 비율은 31%로 남성(67%)과의 격차가 줄고 있는 것으로 나타났다. 연소득 7만5,000달러 이하 가구의 보유 비중도 26%로 확인되며, 저소득층의 암호화폐 진입도 증가하고 있음을 보여준다.투자 외 사용 목적도 뚜렷했다. 응답자의 39%는 암호화폐로 실제 구매를 했으며, 31%는 가족이나 친구에게 송금하는 데 사용했다. 또한 31%는 비즈니스 결제 수단으로 암호화폐를 활용 중인 것으로 나타났다. 투자 전략(47%)과 세금(39%)에 대한 관심도 높았으며, 주요 정보 채널은 유튜브와 전통 언론이었다.가장 잘 알려진 코인은 비트코인(99%), 이더리움(91%), 도지코인(91%)이었으며, 실제 사용률은 비트코인(85%)과 이더리움(58%)에 집중됐다. 포트폴리오 규모는 10,000달러 이하가 55%, 500달러 이하가 15%를 차지했다.응답자의 45%는 암호화폐가 금융 포용성과 빈곤 완화에 기여한다고 평가했으며, 같은 비율이 디지털 결제 인프라의 발전 효과를 언급했다. 응답자의 절반은 암호화폐를 통해 재정적 독립을 경험했다고 응답했고, 45%는 개인적 성장에 기여했다고 평가했다.규제에 대한 태도도 긍정적이다. 64%는 정부 규제를 찬성했지만, 67%는 규제가 혁신을 억누를 수 있다고 경고했다. 73%는 미국이 암호화폐 산업에서 글로벌 리더 역할을 해야 한다고 답했다. 전반적으로 미국 암호화폐 보유자들은 암호화폐가 개인에게 유익하고 금융 시스템을 혁신할 잠재력을 지녔다고 평가하고 있다.",1
"이더리움 공동 창립자 비탈릭 부테린이 새로운 프라이버시 로드맵을 제시하며 사용자의 익명성과 네트워크 보안을 강화하려는 계획을 공개했다.4월 12일(현지시간) 암호화폐 전문매체 AMB크립토에 따르면, 부테린은 이더리움의 지갑, 애플리케이션, 네트워크 레벨에서의 프라이버시 강화를 골자로 한 새로운 제안을 공개했다. 특히 이번 로드맵은 레이어1 구조 변경을 최소화하면서도 실질적인 익명성 향상을 목표로 하고 있다.부테린은 개인의 거래 내역을 숨길 수 있는 '쉴디드 밸런스(shielded balance)' 기능이 지갑에 기본 탑재되어야 하며, Railgun이나 Privacy Pools 같은 프로토콜 통합이 이뤄져야 한다고 강조했다. 이를 통해 사용자는 기본적으로 '쉴디드 잔고에서 송금' 옵션을 사용할 수 있어야 한다는 설명이다.그는 또한 애플리케이션 레벨에서는 체인 상의 일부 활동을 익명화하고, 네트워크 레벨에서는 RPC 호출 및 전체 데이터 조회를 숨길 수 있는 구조가 필요하다고 밝혔다. 부테린은 이러한 방식이 채택된다면 온체인 결제 프라이버시, 체인 접근 시 익명성, 어플리케이션 내부 활동의 부분 익명화가 가능해질 것이라 전망했다.한편, 이더리움은 현재 테스트넷에서 펙트라(Pectra) 업그레이드를 준비 중이다. 펙트라는 스테이킹 간소화 및 계정 추상화(account abstraction)를 포함해 프라이버시와 사용자 경험 향상을 목표로 하고 있으며, 후속 업그레이드인 푸사카(Fusaka)는 L2 기반 트랜잭션의 속도 및 비용 효율성을 개선할 예정이다.다만 이러한 기술적 업데이트와 부테린의 발표에도 불구하고, 시장의 반응은 다소 냉담하다. 암호화폐 데이터 플랫폼 코인글래스(CoinGlass)에 따르면, 이더리움의 미결제 약정(Open Interest)은 최근 24시간 동안 1.5% 하락했으며, 2025년 들어 총 50% 이상 감소한 상태다.현재 이더리움(ETH)은 1,500달러 선에서 거래 중이며, 12시간 차트상 RSI(상대강도지수)에서는 강세 다이버전스가 나타나고 있다. 기술적으로는 반등 가능성이 제기되나, 거시 경제적 불확실성이 여전한 만큼 추세 전환 여부는 아직 미지수다.",0
"12일(현지시간) 암호화폐 전문매체 비트코이니스트에 따르면, 카르다노(Cardano) 재단 CEO 프레데릭 그레가르(Frederik Gregaard)는 파리 블록체인 위크 연설에서 “퍼블릭 블록체인도 비자(VISA) 수준의 글로벌 결제 처리가 가능하다”고 주장했다. 그는 카르다노가 하루 9,000만 건 이상의 트랜잭션을 처리한 바 있다며 탈중앙 인프라의 실현 가능성을 강조했다.그레가르는 비트코인의 탄생 배경부터 이더리움의 자본시장 확장, 그리고 AI 확산 속에서 신뢰 가능한 데이터와 인프라의 필요성을 언급하며, 블록체인이야말로 투명성과 검증을 제공할 수 있는 유일한 기반이라고 주장했다. 그는 블록체인이 ""중개자 없는 신뢰 기반의 컴퓨팅 플랫폼이자 불변의 데이터 저장소""로 기능한다고 설명했다.카르다노는 실제로 아프리카 동부의 토지 등록 프로젝트에서 블록체인을 활용해 분쟁을 줄이는 데 기여한 바 있으며, 이 같은 접근은 AI 의사결정 구조에서 신뢰 기반 데이터를 제공하는 수단으로 더욱 중요해질 것으로 보인다고 덧붙였다.기술적 측면에서도 그레가르는 카르다노가 글로벌 금융 인프라를 대체할 수 있다고 강조했다. 그는 ""우린 이미 3,000개의 스테이크풀 운영자가 보증하는 하루 9천만 건 이상의 트랜잭션을 성공적으로 처리했다""고 밝혔다. 이는 퍼블릭, 퍼미션리스 블록체인으로도 금융 결제 수준의 확장이 가능하다는 근거로 제시됐다.또한 그는 카르다노 기반의 'LEI 호환 월렛'을 소개하며, 전 세계 법인 식별 체계와 연동 가능한 신원 솔루션을 오픈소스로 출시했다고 밝혔다. 이 시스템은 개인의 프라이버시와 보안은 물론, 실질적 규제 준수까지 고려한 구조로 설계됐다고 설명했다.마지막으로 그는 “카르다노는 공급망, 회계, 탄소 크레딧, 브랜드 보안 등 다양한 분야에서 실제 사용 사례를 통해 ‘진실한 데이터’를 제공한다”며, 앞으로 대기업의 투명성과 책임성을 높이는 핵심 인프라가 될 수 있다고 주장했다. 기사 작성 시점 기준 ADA 가격은 0.62달러다.",1
"12일(현지시간) 암호화폐 전문매체 코인텔레그래프에 따르면, 블룸버그 인텔리전스는 올해 들어 가장 높은 수익률을 기록한 상장지수펀드(ETF) 전략으로 '이더리움(Ethereum, ETH) 숏'을 꼽았다. 두 개의 2배 레버리지 숏 ETF가 2025년 수익률 상위 1, 2위를 차지하며 시장의 약세 흐름을 반영하고 있다.블룸버그 애널리스트 에릭 발추나스(Eric Balchunas)는 X를 통해, ProShares UltraShort Ether ETF(ETHD)와 T Rex 2X Inverse Ether Daily Target ETF(ETQ)가 각각 247%, 219% 상승했다고 전했다. 반면, 이더리움 자체는 올해 들어 4월 11일까지 약 54% 하락해, 숏 포지션 ETF의 수익률 급등을 정당화했다.이러한 수익은 ETH 가격 하락뿐만 아니라, 레버리지를 활용한 파생상품 구조에 기인한 것이다. 해당 ETF들은 ETH 가격을 역방향으로 추적하며, 변동성을 2배로 증폭시키는 구조를 갖고 있다. 다만 이러한 구조는 추적 오차 발생 가능성이 높아 주의가 요구된다.이더리움의 가격 부진은 2024년 3월 진행된 ‘덴쿤(Dencun)’ 업그레이드 이후 급감한 네트워크 수익성과도 관련이 깊다. 업그레이드는 사용자 비용을 줄였지만, 수수료 수익은 약 95% 감소했고, L2 확장성 체인의 수익화는 아직 미흡한 수준이다. 최근 한 주 동안 L2 체인(아비트럼, 베이스 등)에서 발생한 이더리움 수수료 수익은 3.18 ETH에 불과했다.디파이 전문 데이터 플랫폼 디파이라마(DeFiLlama)에 따르면, 이더리움의 총 예치금(TVL)은 여전히 460억 달러에 달하지만, 거래량과 사용률은 올해 1분기 동안 전반적으로 감소했다. 반에크(VanEck)의 보고서에 따르면, 이는 트럼프 대통령의 관세 정책 강화와 글로벌 무역 긴장 고조로 인한 투자 심리 위축의 영향으로 분석된다.분석가들은 이더리움이 다시 상승 흐름을 타기 위해선 L2 체인의 거래량이 현 수준보다 2만 2,000배 이상 늘어야 한다고 지적했다. 이더리움이 L2 데이터 가용성 엔진으로의 전환을 완성하지 않는 이상, 당분간은 하락 압력에서 자유롭기 어렵다는 평가가 나온다.",-1
"리플 랩스(Ripple Labs)의 사장 모니카 롱(Monica Long)은 전통 금융기관들이 토큰화를 통해 새로운 수익 흐름을 확보할 수 있다며 적극적인 도입을 촉구했다. 롱 사장은 토큰화가 2033년까지 최대 18.9조 달러 규모 시장으로 성장할 수 있다고 전망했다.11일(현지시간) 암호화폐 전문매체 코인게이프는 리플과 보스턴컨설팅그룹(BCG)이 공동 발표한 보고서를 인용해, 부동산이나 채권과 같은 실물자산을 블록체인 기반 토큰으로 전환하는 ‘실물자산 토큰화(RWA)’가 금융 산업의 판도를 바꿀 수 있다고 전했다. 롱은 “기존 은행이 토큰화 흐름에 늦는다면 경쟁에서 뒤처질 것”이라며, 비용 절감과 시장 확대, 수익 증가 가능성을 강조했다.리플은 이 같은 토큰화 전략의 선도 기업으로, 자사 기술을 기반으로 한 글로벌 결제 솔루션을 확대해 나가고 있다. 코인게이프에 따르면, 리플은 부동산과 무역금융 등 총 10조 달러 규모 자산을 디지털 토큰화할 수 있다고 분석했다. 이는 기관 투자자와의 파트너십 가능성까지 시사하며 시장 기대감을 키우고 있다.XRP 레저(XRP Ledger)는 리플의 토큰화 전략 핵심 인프라로 자리잡고 있으며, 빠른 처리 속도와 저렴한 수수료로 대량 거래에 적합하다. 코인게이프는 브래드 갈링하우스(Brad Garlinghouse) 리플 CEO가 “토큰화는 전통 자산의 접근성과 관리 효율성을 크게 높일 수 있다”고 발언한 점도 함께 전했다.또한 리플은 자사 스테이블코인 RLUSD를 활용한 금융 서비스 확장도 본격화하고 있다. RLUSD는 달러에 연동된 스테이블코인으로, XRP 레저와 이더리움(Ethereum) 네트워크에서 동시에 운영되며, 은행 계좌 없이도 자산 송금·보유·결제가 가능하다. 최근 RLUSD는 리플 페이먼츠(Ripple Payments)와 통합되어 글로벌 실물자산 금융화 접근성을 높이고 있다.전문가들은 XRP와 RLUSD의 결합이 리플의 글로벌 금융 인프라 확장에 핵심 축이 될 수 있다고 평가하고 있으며, 실제 기관 도입 속도에 따라 향후 XRP 가격 및 거래량에도 영향을 미칠 가능성이 있다.",1
"11일(현지시간) 암호화폐 전문매체 코인게이프에 따르면, 미국 증권거래위원회(SEC)의 감찰실(OIG)은 윌리엄 힌먼(Bill Hinman) 전 법인금융국장이 2018년 이더리움(Ethereum) 연설과 관련한 윤리 규정을 위반하지 않았다고 판단했다. 해당 연설은 ETH가 증권이 아니라는 입장을 담고 있어, 이후 ETH 게이트 논란의 핵심이 된 바 있다.코인게이프는 이번 보고서가 정보자유법(FOIA)을 통해 공개되었으며, 시민단체 임파워 오버사이트(Empower Oversight)의 소송에 따라 작성되었다고 전했다. 보고서는 힌먼이 재직 당시 이더리움과 연관된 로펌 심슨 대처 앤 바틀렛(Simpson Thacher & Bartlett LLP)과 재정적 연관이 있었음에도, SEC 윤리기구의 사전 지침에 따랐다고 명시했다.SEC는 힌먼이 재직 초기부터 이해충돌 가능성을 신고했고, 채용 제안을 받은 상황에서도 적절히 대응했다고 밝혔다. OIG는 “힌먼이 취임 당시 STB 지분을 신고했고, 윤리국의 지침을 이행했다”고 밝혔으며, STB와의 기타 접촉도 규정 위반에 해당하지 않는다고 결론지었다.그러나 보고서 공개 이후 일부 비판이 이어졌다. 코인게이프는 힌먼이 내부 법무팀의 반대에도 불구하고 ‘Ether Speech’ 이메일을 발송하고 단독으로 연설을 강행했다는 점이 내부 협의 부족을 보여준다는 주장도 함께 전했다. 이에 대해 OIG는 “사실이라 하더라도 이는 이해충돌에 해당하지 않는다”고 밝혔다.크립토로(CryptoLaw)와 일부 비평가들은 “개인이 직접적인 금전적 이해관계를 가진 사안에 대해 시장에 영향을 미칠 수 있는 발언을 해도 문제가 되지 않는다는 뜻인가?”라고 반문하며, OIG의 판단 기준 자체에 의문을 제기했다. 코인게이프는 이와 같은 반응이 ETH 게이트 논란을 다시 점화시키고 있다고 보도했다.SEC는 한편으로 어떤 자산이 증권인지 아닌지를 명확히 하기 위해 새로운 가이던스를 발표한 상태다. 하지만 이번 보고서 공개가 투명성과 형평성에 대한 문제를 더욱 부각시키며, 고위 공직자의 윤리 기준에 대한 재정립 필요성이 제기되고 있다.",0
"암호화폐 전문매체 코인게이프에 따르면, 테우크리움(Teucrium)의 2배 레버리지 XRP ETF가 5일 연속 자금 유입 기록을 세우며 시장에서 강력한 수요를 입증했다. 이는 미 증권거래위원회(SEC)의 리플(Ripple) 소송 종료 이후 XRP 투자상품에 대한 기관 수요가 급증하고 있음을 시사한다.코인게이프는 이 ETF가 11일(현지시간)까지 5거래일 연속 유입세를 보였으며, 8일 555만 달러 거래량과 23.37달러 종가를 기록한 이후, 9일에는 거래량이 1,333만 달러로 급증하며 가격은 28.92달러까지 상승했다고 전했다. 11일에는 종가 기준 최고가인 29.21달러를 기록했다.테우크리움 CEO는 이 XRP ETF를 “역대 가장 성공적인 상품 출시”라고 평가하며, “예상 이상의 투자자 반응”이 있었다고 밝혔다. 해당 ETF는 XRP 가격 변동의 두 배를 추종하는 구조로, 고위험 레버리지 상품을 선호하는 투자자에게 매력적인 선택지로 작용하고 있다.코인게이프는 XRP 파생상품 시장에서도 유사한 흐름이 감지된다고 전했다. 3월 20일 비트노미얼(Bitnomial)은 XRP 선물 상품을 출시했으며, 최근 SEC가 리플과의 소송을 공식 종료하면서 다양한 XRP ETF 신청이 이어지고 있다. 이는 이더리움 ETF 승인과 맞물려 SEC의 친암호화폐 기조로 해석된다.향후 XRP 가격 상승을 견인할 요인으로는 첫째, 증권성 불확실성 해소로 인한 제도권 채택 확대, 둘째, XRP 레저(Ledger) 내 스마트 계약 도입 등이 꼽힌다. 이는 기술적 활용성을 높여 실사용 기반 확장을 촉진할 수 있다.현재 XRP는 시총 기준 네 번째 암호화폐로, 12일 기준 코인마켓캡 데이터에서 2.02달러에 거래되고 있으며, 24시간 기준 2.7% 상승세를 보이고 있다. ETF, 파생상품, 기술적 발전이 삼중 상승 모멘텀으로 작용 중이다.",1
"11일(현지시간) 암호화폐 전문매체 코인게이프에 따르면, 미국 연방준비제도(Fed)가 시장 유동성 공급 의지를 밝히며 비트코인(BTC) 가격이 24시간 만에 5.4% 상승했다. 이는 전 세계 암호화폐 시가총액이 2조 6,500억 달러로 회복세를 보이는 가운데 나온 긍정적 흐름이다.코인게이프는 수전 콜린스(Susan Collins) 보스턴 연준 총재의 발언을 인용해 “시장 기능이 심각하게 훼손될 경우 신속한 개입에 나설 준비가 되어 있다”는 입장을 강조했다. 콜린스는 과거 혼란기 개입 사례를 들며, 금리 인하보다는 유동성 확보 수단 활용이 주요 대응책임을 시사했다.현재 비트코인은 전통 금융시장과 유사한 움직임을 보이며 상승 중이며, 이더리움(ETH)도 3% 이상 반등해 1,500달러 선을 회복했다. 코인게이프는 이 같은 흐름이 “금융당국의 완화적 시그널에 대한 시장의 긍정적 반응”으로 해석된다고 밝혔다.그러나 연준 내부에서는 트럼프 전 대통령의 고율 관세 정책에 대한 우려가 커지고 있다. 코인게이프는 존 윌리엄스(John Williams) 뉴욕 연준 총재가 “관세는 물가 급등, 실업 증가, 경제 성장 둔화를 동시에 유발할 수 있다”고 경고했다고 전했다. 콜린스 역시 “올해 인플레이션이 3%를 상회할 수 있다”고 덧붙였다.코인게이프는 특히 미 국채 시장의 변동성을 강조했다. 10년 만기 미 국채 금리는 최근 1주일 사이 0.5%포인트 상승해 4.5%에 도달했으며, 이는 안정성이 높은 자산치고는 매우 이례적인 움직임이다. 이러한 불안은 암호화폐 시장에도 불확실성을 남기고 있다.한편, 중국은 이에 대한 보복 조치로 미국산 제품에 대한 관세를 최대 125%까지 인상했다. 코인게이프는 연준의 유동성 정책이 단기 상승을 견인했지만, 지정학적 리스크는 여전히 시장에 그림자를 드리우고 있다고 경고했다.",-1
"정부나 기업의 불법행위를 감독하는 미국 비영리단체 EMPOWR(Empower Oversight Whistleblowers & Research)가 윌리엄 힌먼 전 SEC 기업금융국장에 대한 문서를 입수했다고 밝혔다. 유투데이에 따르면 이는 미국 감찰국(OIG)의 보고서로, 기관은 윌리엄 힌먼의 과거 연설(이더리움이 증권이 아니라는 취지)이 SEC의 이해충돌방지법 및 내부 윤리규정을 위반하지 않았다고 판단했다. OIG는 ""당시 그는 암호화폐를 보유하지 않았다. 또한 해당 연설문은 공동으로 작성된 것으로, 초안 작성 작업에는 다수의 부서가 참여했다. 연설문에 이더리움을 언급하기로 한 결정 역시 공동의 결정""이라고 설명했다.",0
"글래스노드가 시장이 횡보세를 이어가는 가운데 비트코인과 이더리움 주요 지지선으로 각각 8.35만 달러, 1461 달러를 예측했다. 데이터에 따르면 4월 4일(현지시간)~11일 기간 비트코인은 7.9만 달러 수준에서 약 4만 BTC가, 8.2만 달러 수준에서는 5.1만 BTC가 매수됐다. 글래스노드는 ""해당 가격대에 강력한 지지선이 형성돼 있다""며 ""8.2만 달러가 유지된다면 다음 주요 지지선은 8.35만 달러""라며 ""비트코인이 역동적인 움직임을 보인 반면, 이더리움의 움직임은 좀더 제한적이었다. 현재 이더리움은 1548달러~1599달러 사이에서 등락폭을 유지하고 있다""고 설명했다.",0
"이번 주에는 폴 앳킨스(Paul Atkins) 미국 증권거래위원회(SEC) 위원장의 공식 취임 소식에 암호화폐 업계 전체의 이목이 집중됐다. 과거, 앳킨스 신임 위원장은 일관된 디지털 자산 규제를 자신의 우선과제로 발표한 적이 있다. 암호화폐 업계에서는 개리 겐슬러 전 SEC 위원장 재임 당시부터 명확한 규제 마련을 촉구한 만큼, 앳킨스 위원장의 취임 소식을 반기는 분위기이다.암호화폐 투자자 사이에서는 앳킨스 신임 SEC 위원장의 취임 쇡 외에도 가상자산 거래소 크라켄과 마스터카드가 영국 및 유럽 지역에서 암호화폐 직불 카드 출시에 나선다는 소식도 화제가 되었다.동시에 유럽에서는 암호화폐 시장이 금융 시스템의 불안을 야기할 수 있다는 유럽증권시장국(ESMA) 집행이사의 발언도 많은 투자자와 암호화폐 업계 및 금융계 관계자의 주목을 받았다. 또, 영국에서는 스테이블코인 확대가 통화 안정성을 위협할 것이라는 주장이 나왔다.이번 주 세계 곳곳에서 보도된 암호화폐 관련 소식을 아래와 같이 전한다.美 SEC, 신임 위원장 폴 앳킨스 공식 취임코인텔레그래프, 블룸버그, 워처그루 등 복수 외신은 미국 증권거래위원회(SEC) 신임 위원장에 폴 앳킨스(Paul Atkins)가 공식 취임한 소식을 10일(현지 시각) 보도했다. 앳킨스는 오랜 금융 경력을 바탕으로 디지털 자산 시장에 명확한 규제 체계 구축을 예고하며 업계의 기대를 받고 있다.그는 지난 3월 27일 상원 은행위원회 청문회에서 “디지털 자산의 모호하고 불명확한 규제가 혁신을 저해하고 있다”라며, “합리적이고 일관된 규제 체계를 만드는 것이 최우선 과제”라고 강조했다.폴 앳킨스는 밴더빌트대학을 졸업한 뒤 다비스 폴크 앤 워드웰(Davis Polk & Wardwell) 등에서 근무했으며, 과거 조지 W. 부시 행정부 시절 SEC 커미셔너를 지낸 바 있다. 이후 금융 컨설팅 회사 포토맥 글로벌 파트너스(Potomak Global Partners)를 설립해 금융기관 자문을 맡아왔다.이번 인준은 상원에서 찬성 52표, 반대 44표로 통과됐으며, 대체로 당파적인 구도로 이뤄졌다. 그는 마크 우예다(Mark Uyeda) 전 SEC 위원장 대행의 뒤를 잇는다.업계에서는 앳킨스 체제 하에서 명확한 가이드라인이 마련되기를 기대하고 있다. 특히, 스테이블코인과 마켓 구조 관련 규제, 디지털 자산의 법적 지위에 대한 명확한 정의가 시급하다는 목소리가 나온다. 코인베이스(Coinbase) 정책 최고책임자 파야르 시르자드(Faryar Shirzad)는 그의 취임을 두고 “새로운 시대의 시작”이라고 평가했다.SEC는 최근 암호화폐 기업들을 상대로 한 여러 소송과 집행 조치를 철회하고 있다. 여기에는 1933년 증권법 위반과 무등록 중개·거래소 활동 관련 사안들이 포함됐다. 이로 인해 업계에서는 비트코인(Bitcoin, BTC), 이더리움(Ethereum, ETH), 달러 연동 스테이블코인 등 일부 자산이 증권으로 간주되지 않을 가능성에 무게를 두고 있다.다만, 앳킨스 체제의 출범과 동시에 SEC 내부 인력 구조조정 이슈가 제기되고 있다. 최근 정치 전문 매체 폴리티코는 트럼프 행정부의 예산 감축 기조에 따라 SEC 직원 약 10~15%가 감원 대상이라는 내용을 보도했다. 이로 인해 규제 체계 수립에 필요한 전문 인력이 부족해질 수 있다는 우려도 나온다.‘섀도우 SEC(Shadow SEC)’로 불리는 증권법 학자들은 인력 감축이 시장 불안과 규제 공백을 초래할 수 있다고 경고했다.크라켄, 마스터카드와 손잡고 유럽에 암호화폐 직불카드 출시암호화폐 전문 매체 코인텔레그래프는 글로벌 암호화폐 거래소 크라켄(Kraken)이 마스터카드(Mastercard)와 파트너십을 맺고 영국 및 유럽 지역에 암호화폐 직불카드를 출시한다고 9일(현지 시각) 보도했다.크라켄은 이번 협업을 통해 비트코인과 스테이블코인 등 디지털 자산으로 실물 결제를 할 수 있는 실물 직불카드를 선보일 계획이다. 카드 출시는 수 주 내로 시작되며, 현재 고객 대상 대기자 명단 등록이 진행 중이다.이 직불카드는 사용자가 보유한 암호화폐를 실시간으로 결제에 사용할 수 있도록 설계됐다. 해당 서비스는 유럽연합의 암호자산시장규제안(MiCA) 라이선스 취득 절차와 함께 추진되고 있다.크라켄 공동대표 데이비드 리플리(David Ripley)는 “암호화폐는 결제 산업을 진화시키고 있으며, 글로벌 상거래와 일상 결제에 실질적인 기반이 될 것”이라고 강조했다. 그는 “마스터카드와의 협업은 암호화폐의 실용성을 현실화하기 위한 핵심적인 진전”이라고 덧붙였다.이번 카드 출시는 2025년 1월 선보인 자체 결제 서비스 ‘크라켄 페이(Kraken Pay)’의 확장에 해당한다. 크라켄 페이는 사용자가 300개 이상의 암호화폐를 전 세계 여러 국가에 송금할 수 있도록 지원하며, URL 기반 결제 기능인 ‘페이링크’도 제공한다.출시 이후 약 15만 명이 넘는 이용자가 ‘크락태그(Kraktag)’ 기능을 활성화했다. 크락태그는 개인 계좌 정보를 노출하지 않고 송금을 받을 수 있는 고유 사용자 식별 기능이다.마스터카드 글로벌 파트너십 부문 부사장 스콧 아브라함스(Scott Abrahams)는 “이번 협력은 디지털 결제 혁신을 확대하려는 마스터카드의 의지를 보여주는 사례”라고 설명했다.크라켄과 마스터카드의 이번 협업은 일상 결제에서 암호화폐의 실질적 활용도를 높이기 위한 전략의 일환이다.한편, 마스터카드는 이미 메타마스크, 머큐리오 등 다양한 암호화폐 기업과 협력해온 바 있다.유럽증권시장국 “암호화폐 시장, 금융 시스템 불안 촉발 가능성 경고”로이터 통신 보도에 따르면, 유럽증권시장국(ESMA)은 암호화폐 산업의 성장과 전통 금융시장과의 연계 확대가 향후 유럽 금융 안정성에 위협이 될 수 있다고 경고했다.나타샤 카제나브(Natasha Cazenave) ESMA 집행이사는 유럽의회 연설에서 “유럽 금융시장은 현재 정치적, 지정학적 압력으로 심각한 긴장 상태에 있다”라고 밝혔다. 그는 “암호화폐 자산 시장은 아직 작지만, 현재와 같은 시장 환경에서는 소규모 시장에서도 금융 시스템 전반에 영향을 줄 수 있다”라고 말했다.비트코인 등 주요 암호화폐 가격은 최근 미국의 고율 관세 정책 발표 이후 주식시장과 함께 급락한 뒤 일부 회복세를 보였다.ESMA는 암호화폐 시장을 지속적으로 주의 깊게 모니터링할 필요가 있으며, 아직은 전반적인 금융안정성에 심각한 위협은 아니라고 평가했다. ESMA에 따르면 암호화폐에 투자하는 펀드는 EU 전체 펀드 시장의 1% 미만이며, EU 은행의 95%는 암호화폐 관련 활동에 참여하고 있지 않다.또한, 달러에 연동된 스테이블코인의 뱅크런이 발생할 경우, 이를 뒷받침하는 금융 자산 가격에도 영향을 미쳐 시장 전반으로 파급될 수 있다고 밝혔다.이번 경고는 도널드 트럼프(Donald Trump) 미국 대통령의 암호화폐 규제 완화 요구와 맞물려 주목받고 있다. 트럼프는 최근 가족과 함께 암호화폐 사업에 뛰어들었으며, 미국 당국은 은행의 암호화폐 사업 진입 장벽을 낮추는 정책을 펼치고 있다.미국 법무부가 암호화폐 집행 전담 조직인 ‘국가암호화폐집행팀(NCET)’을 해체했다는 소식도 로이터를 통해 전해졌다. ESMA는 규제 완화와 글로벌 정책 변화 속에서 유럽 내 잠재적 리스크를 선제적으로 경고한 것으로 풀이된다.영국 “스테이블코인 확대, 통화 안정성 위협할 것” 경고코인텔레그래프 보도에 따르면, 영국 금융당국이 스테이블코인을 포함한 암호화폐 산업의 성장세가 국가 금융 시스템과 통화 안정성에 위험 요인이 될 수 있다고 경고했다.영국 중앙은행과 금융감독청(FCA), 금융정책위원회(FPC)는 4월 4일과 8일 열린 회의에서 “무담보 암호화폐 자산과 실물 경제 및 금융 부문 간의 연결성이 점점 확대되고 있다”라고 평가하며, 특히 스테이블코인의 발행 및 사용 증가에 주목하고 있다고 밝혔다.위원회는 “스테이블코인의 건전성은 이를 뒷받침하는 자산의 유동성, 신용, 시장 위험에 따라 결정된다”라며, 시장 불안 시에도 제때 상환을 보장할 수 있는 구조가 필요하다고 강조했다.특히 파운드화 기반 스테이블코인이 부적절한 자산으로 뒷받침되는 사례가 증가하는 점을 문제로 지적했다. 위원회는 “외화 기반 스테이블코인이 확대되면 일부 국가에서는 통화 대체 현상이 발생할 수 있으며, 이는 금융시장에 구조적 위험을 초래할 수 있다”라고 밝혔다.통화 대체에 대한 우려는 개인과 중소기업이 스테이블코인을 국경 간 결제 수단으로 널리 사용하게 될 경우 심화될 수 있다. 실제로 사하라 이남 아프리카 지역을 중심으로 스테이블코인 사용이 급증하고 있으며, 체이널리시스(Chainalysis)에 따르면 해당 지역 암호화폐 거래의 절반 가까이가 스테이블코인으로 이뤄지고 있다.이와 함께 2024년 말 발표된 보고서는 아프리카 내 일부 신흥국들이 디지털 자산 허브로 부상할 가능성이 있다고 진단했다. 남아프리카공화국 기반 거래소 VALR의 마케팅 총괄 벤 캐슬린(Ben Caselin)은 “남아공은 법치 기반이 잘 정립되어 있어 아프리카 진출의 관문 역할을 한다”라고 설명했다.한편, 유럽 내 다른 규제기관들도 유사한 경고를 내놓고 있다. 유럽증권시장국(ESMA)은 최근 “암호화폐 가격 급락이 전통 금융시장에 파급 효과를 줄 수 있다”고 경고했으며, 유럽연합 보험감독기구는 보험사들이 보유한 암호화폐 자산 가치만큼의 자본을 유지하도록 하는 방안을 제안했다.",0
